{
 "cells": [
  {
   "cell_type": "code",
   "execution_count": 11,
   "metadata": {},
   "outputs": [
    {
     "name": "stdout",
     "output_type": "stream",
     "text": [
      "Step 2000, Energy: -238.81113940497386\n",
      "n=1, P_n^AA=0.3100, P_n^AB=0.3800, P_n^BB=0.3100\n",
      "n=2, P_n^AA=0.2700, P_n^AB=0.4600, P_n^BB=0.2700\n",
      "n=3, P_n^AA=0.2600, P_n^AB=0.4800, P_n^BB=0.2600\n",
      "n=4, P_n^AA=0.2200, P_n^AB=0.5600, P_n^BB=0.2200\n",
      "n=5, P_n^AA=0.2300, P_n^AB=0.5400, P_n^BB=0.2300\n",
      "n=6, P_n^AA=0.2200, P_n^AB=0.5600, P_n^BB=0.2200\n",
      "n=7, P_n^AA=0.2200, P_n^AB=0.5600, P_n^BB=0.2200\n",
      "n=8, P_n^AA=0.2300, P_n^AB=0.5400, P_n^BB=0.2300\n",
      "n=9, P_n^AA=0.2300, P_n^AB=0.5400, P_n^BB=0.2300\n",
      "n=10, P_n^AA=0.2400, P_n^AB=0.5200, P_n^BB=0.2400\n",
      "Step 4000, Energy: -235.83460490534918\n",
      "n=1, P_n^AA=0.2800, P_n^AB=0.4400, P_n^BB=0.2800\n",
      "n=2, P_n^AA=0.2800, P_n^AB=0.4400, P_n^BB=0.2800\n",
      "n=3, P_n^AA=0.2300, P_n^AB=0.5400, P_n^BB=0.2300\n",
      "n=4, P_n^AA=0.2400, P_n^AB=0.5200, P_n^BB=0.2400\n",
      "n=5, P_n^AA=0.2000, P_n^AB=0.6000, P_n^BB=0.2000\n",
      "n=6, P_n^AA=0.2100, P_n^AB=0.5800, P_n^BB=0.2100\n",
      "n=7, P_n^AA=0.2600, P_n^AB=0.4800, P_n^BB=0.2600\n",
      "n=8, P_n^AA=0.2700, P_n^AB=0.4600, P_n^BB=0.2700\n",
      "n=9, P_n^AA=0.3000, P_n^AB=0.4000, P_n^BB=0.3000\n",
      "n=10, P_n^AA=0.2900, P_n^AB=0.4200, P_n^BB=0.2900\n",
      "Step 6000, Energy: -239.8206582212184\n",
      "n=1, P_n^AA=0.3200, P_n^AB=0.3600, P_n^BB=0.3200\n",
      "n=2, P_n^AA=0.2700, P_n^AB=0.4600, P_n^BB=0.2700\n",
      "n=3, P_n^AA=0.2800, P_n^AB=0.4400, P_n^BB=0.2800\n",
      "n=4, P_n^AA=0.2800, P_n^AB=0.4400, P_n^BB=0.2800\n",
      "n=5, P_n^AA=0.3000, P_n^AB=0.4000, P_n^BB=0.3000\n",
      "n=6, P_n^AA=0.2700, P_n^AB=0.4600, P_n^BB=0.2700\n",
      "n=7, P_n^AA=0.2300, P_n^AB=0.5400, P_n^BB=0.2300\n",
      "n=8, P_n^AA=0.2100, P_n^AB=0.5800, P_n^BB=0.2100\n",
      "n=9, P_n^AA=0.2200, P_n^AB=0.5600, P_n^BB=0.2200\n",
      "n=10, P_n^AA=0.2300, P_n^AB=0.5400, P_n^BB=0.2300\n",
      "Step 8000, Energy: -242.8500111205703\n",
      "n=1, P_n^AA=0.3500, P_n^AB=0.3000, P_n^BB=0.3500\n",
      "n=2, P_n^AA=0.2800, P_n^AB=0.4400, P_n^BB=0.2800\n",
      "n=3, P_n^AA=0.2700, P_n^AB=0.4600, P_n^BB=0.2700\n",
      "n=4, P_n^AA=0.3000, P_n^AB=0.4000, P_n^BB=0.3000\n",
      "n=5, P_n^AA=0.3000, P_n^AB=0.4000, P_n^BB=0.3000\n",
      "n=6, P_n^AA=0.2700, P_n^AB=0.4600, P_n^BB=0.2700\n",
      "n=7, P_n^AA=0.2600, P_n^AB=0.4800, P_n^BB=0.2600\n",
      "n=8, P_n^AA=0.2600, P_n^AB=0.4800, P_n^BB=0.2600\n",
      "n=9, P_n^AA=0.2600, P_n^AB=0.4800, P_n^BB=0.2600\n",
      "n=10, P_n^AA=0.2700, P_n^AB=0.4600, P_n^BB=0.2700\n",
      "Step 10000, Energy: -234.71728015584208\n",
      "n=1, P_n^AA=0.2700, P_n^AB=0.4600, P_n^BB=0.2700\n",
      "n=2, P_n^AA=0.2400, P_n^AB=0.5200, P_n^BB=0.2400\n",
      "n=3, P_n^AA=0.2500, P_n^AB=0.5000, P_n^BB=0.2500\n",
      "n=4, P_n^AA=0.2400, P_n^AB=0.5200, P_n^BB=0.2400\n",
      "n=5, P_n^AA=0.2800, P_n^AB=0.4400, P_n^BB=0.2800\n",
      "n=6, P_n^AA=0.2600, P_n^AB=0.4800, P_n^BB=0.2600\n",
      "n=7, P_n^AA=0.2600, P_n^AB=0.4800, P_n^BB=0.2600\n",
      "n=8, P_n^AA=0.2700, P_n^AB=0.4600, P_n^BB=0.2700\n",
      "n=9, P_n^AA=0.2500, P_n^AB=0.5000, P_n^BB=0.2500\n",
      "n=10, P_n^AA=0.2700, P_n^AB=0.4600, P_n^BB=0.2700\n",
      "Step 12000, Energy: -242.78033228526374\n",
      "n=1, P_n^AA=0.3500, P_n^AB=0.3000, P_n^BB=0.3500\n",
      "n=2, P_n^AA=0.2600, P_n^AB=0.4800, P_n^BB=0.2600\n",
      "n=3, P_n^AA=0.2600, P_n^AB=0.4800, P_n^BB=0.2600\n",
      "n=4, P_n^AA=0.2300, P_n^AB=0.5400, P_n^BB=0.2300\n",
      "n=5, P_n^AA=0.2200, P_n^AB=0.5600, P_n^BB=0.2200\n",
      "n=6, P_n^AA=0.2000, P_n^AB=0.6000, P_n^BB=0.2000\n",
      "n=7, P_n^AA=0.1900, P_n^AB=0.6200, P_n^BB=0.1900\n",
      "n=8, P_n^AA=0.1900, P_n^AB=0.6200, P_n^BB=0.1900\n",
      "n=9, P_n^AA=0.2400, P_n^AB=0.5200, P_n^BB=0.2400\n",
      "n=10, P_n^AA=0.2500, P_n^AB=0.5000, P_n^BB=0.2500\n",
      "Step 14000, Energy: -237.87384951502483\n",
      "n=1, P_n^AA=0.3000, P_n^AB=0.4000, P_n^BB=0.3000\n",
      "n=2, P_n^AA=0.2900, P_n^AB=0.4200, P_n^BB=0.2900\n",
      "n=3, P_n^AA=0.2600, P_n^AB=0.4800, P_n^BB=0.2600\n",
      "n=4, P_n^AA=0.2300, P_n^AB=0.5400, P_n^BB=0.2300\n",
      "n=5, P_n^AA=0.2300, P_n^AB=0.5400, P_n^BB=0.2300\n",
      "n=6, P_n^AA=0.2500, P_n^AB=0.5000, P_n^BB=0.2500\n",
      "n=7, P_n^AA=0.2400, P_n^AB=0.5200, P_n^BB=0.2400\n",
      "n=8, P_n^AA=0.2700, P_n^AB=0.4600, P_n^BB=0.2700\n",
      "n=9, P_n^AA=0.2700, P_n^AB=0.4600, P_n^BB=0.2700\n",
      "n=10, P_n^AA=0.2500, P_n^AB=0.5000, P_n^BB=0.2500\n",
      "Step 16000, Energy: -238.86140233853945\n",
      "n=1, P_n^AA=0.3100, P_n^AB=0.3800, P_n^BB=0.3100\n",
      "n=2, P_n^AA=0.2800, P_n^AB=0.4400, P_n^BB=0.2800\n",
      "n=3, P_n^AA=0.3200, P_n^AB=0.3600, P_n^BB=0.3200\n",
      "n=4, P_n^AA=0.2600, P_n^AB=0.4800, P_n^BB=0.2600\n",
      "n=5, P_n^AA=0.2700, P_n^AB=0.4600, P_n^BB=0.2700\n",
      "n=6, P_n^AA=0.2700, P_n^AB=0.4600, P_n^BB=0.2700\n",
      "n=7, P_n^AA=0.2900, P_n^AB=0.4200, P_n^BB=0.2900\n",
      "n=8, P_n^AA=0.2500, P_n^AB=0.5000, P_n^BB=0.2500\n",
      "n=9, P_n^AA=0.2300, P_n^AB=0.5400, P_n^BB=0.2300\n",
      "n=10, P_n^AA=0.2100, P_n^AB=0.5800, P_n^BB=0.2100\n",
      "Step 18000, Energy: -241.87035351118246\n",
      "n=1, P_n^AA=0.3400, P_n^AB=0.3200, P_n^BB=0.3400\n",
      "n=2, P_n^AA=0.2900, P_n^AB=0.4200, P_n^BB=0.2900\n",
      "n=3, P_n^AA=0.2400, P_n^AB=0.5200, P_n^BB=0.2400\n",
      "n=4, P_n^AA=0.2500, P_n^AB=0.5000, P_n^BB=0.2500\n",
      "n=5, P_n^AA=0.2900, P_n^AB=0.4200, P_n^BB=0.2900\n",
      "n=6, P_n^AA=0.3000, P_n^AB=0.4000, P_n^BB=0.3000\n",
      "n=7, P_n^AA=0.2700, P_n^AB=0.4600, P_n^BB=0.2700\n",
      "n=8, P_n^AA=0.2500, P_n^AB=0.5000, P_n^BB=0.2500\n",
      "n=9, P_n^AA=0.2400, P_n^AB=0.5200, P_n^BB=0.2400\n",
      "n=10, P_n^AA=0.2700, P_n^AB=0.4600, P_n^BB=0.2700\n",
      "Step 20000, Energy: -239.8416960715247\n",
      "n=1, P_n^AA=0.3200, P_n^AB=0.3600, P_n^BB=0.3200\n",
      "n=2, P_n^AA=0.2800, P_n^AB=0.4400, P_n^BB=0.2800\n",
      "n=3, P_n^AA=0.2600, P_n^AB=0.4800, P_n^BB=0.2600\n",
      "n=4, P_n^AA=0.2200, P_n^AB=0.5600, P_n^BB=0.2200\n",
      "n=5, P_n^AA=0.2000, P_n^AB=0.6000, P_n^BB=0.2000\n",
      "n=6, P_n^AA=0.2100, P_n^AB=0.5800, P_n^BB=0.2100\n",
      "n=7, P_n^AA=0.2000, P_n^AB=0.6000, P_n^BB=0.2000\n",
      "n=8, P_n^AA=0.2200, P_n^AB=0.5600, P_n^BB=0.2200\n",
      "n=9, P_n^AA=0.2600, P_n^AB=0.4800, P_n^BB=0.2600\n",
      "n=10, P_n^AA=0.2800, P_n^AB=0.4400, P_n^BB=0.2800\n",
      "Step 22000, Energy: -241.87359379059095\n",
      "n=1, P_n^AA=0.3400, P_n^AB=0.3200, P_n^BB=0.3400\n",
      "n=2, P_n^AA=0.2900, P_n^AB=0.4200, P_n^BB=0.2900\n",
      "n=3, P_n^AA=0.2600, P_n^AB=0.4800, P_n^BB=0.2600\n",
      "n=4, P_n^AA=0.2300, P_n^AB=0.5400, P_n^BB=0.2300\n",
      "n=5, P_n^AA=0.2300, P_n^AB=0.5400, P_n^BB=0.2300\n",
      "n=6, P_n^AA=0.2000, P_n^AB=0.6000, P_n^BB=0.2000\n",
      "n=7, P_n^AA=0.2200, P_n^AB=0.5600, P_n^BB=0.2200\n",
      "n=8, P_n^AA=0.2600, P_n^AB=0.4800, P_n^BB=0.2600\n",
      "n=9, P_n^AA=0.2600, P_n^AB=0.4800, P_n^BB=0.2600\n",
      "n=10, P_n^AA=0.2700, P_n^AB=0.4600, P_n^BB=0.2700\n",
      "Step 24000, Energy: -237.74565231359423\n",
      "n=1, P_n^AA=0.3000, P_n^AB=0.4000, P_n^BB=0.3000\n",
      "n=2, P_n^AA=0.2500, P_n^AB=0.5000, P_n^BB=0.2500\n",
      "n=3, P_n^AA=0.2400, P_n^AB=0.5200, P_n^BB=0.2400\n",
      "n=4, P_n^AA=0.2500, P_n^AB=0.5000, P_n^BB=0.2500\n",
      "n=5, P_n^AA=0.2500, P_n^AB=0.5000, P_n^BB=0.2500\n",
      "n=6, P_n^AA=0.2800, P_n^AB=0.4400, P_n^BB=0.2800\n",
      "n=7, P_n^AA=0.2500, P_n^AB=0.5000, P_n^BB=0.2500\n",
      "n=8, P_n^AA=0.2100, P_n^AB=0.5800, P_n^BB=0.2100\n",
      "n=9, P_n^AA=0.2200, P_n^AB=0.5600, P_n^BB=0.2200\n",
      "n=10, P_n^AA=0.2300, P_n^AB=0.5400, P_n^BB=0.2300\n",
      "Step 26000, Energy: -240.7093688145586\n",
      "n=1, P_n^AA=0.3300, P_n^AB=0.3400, P_n^BB=0.3300\n",
      "n=2, P_n^AA=0.2400, P_n^AB=0.5200, P_n^BB=0.2400\n",
      "n=3, P_n^AA=0.2200, P_n^AB=0.5600, P_n^BB=0.2200\n",
      "n=4, P_n^AA=0.2400, P_n^AB=0.5200, P_n^BB=0.2400\n",
      "n=5, P_n^AA=0.3000, P_n^AB=0.4000, P_n^BB=0.3000\n",
      "n=6, P_n^AA=0.2800, P_n^AB=0.4400, P_n^BB=0.2800\n",
      "n=7, P_n^AA=0.2500, P_n^AB=0.5000, P_n^BB=0.2500\n",
      "n=8, P_n^AA=0.2500, P_n^AB=0.5000, P_n^BB=0.2500\n",
      "n=9, P_n^AA=0.2500, P_n^AB=0.5000, P_n^BB=0.2500\n",
      "n=10, P_n^AA=0.2900, P_n^AB=0.4200, P_n^BB=0.2900\n",
      "Step 28000, Energy: -241.99742754891184\n",
      "n=1, P_n^AA=0.3400, P_n^AB=0.3200, P_n^BB=0.3400\n",
      "n=2, P_n^AA=0.3300, P_n^AB=0.3400, P_n^BB=0.3300\n",
      "n=3, P_n^AA=0.2500, P_n^AB=0.5000, P_n^BB=0.2500\n",
      "n=4, P_n^AA=0.2800, P_n^AB=0.4400, P_n^BB=0.2800\n",
      "n=5, P_n^AA=0.2300, P_n^AB=0.5400, P_n^BB=0.2300\n",
      "n=6, P_n^AA=0.2400, P_n^AB=0.5200, P_n^BB=0.2400\n",
      "n=7, P_n^AA=0.2000, P_n^AB=0.6000, P_n^BB=0.2000\n",
      "n=8, P_n^AA=0.2300, P_n^AB=0.5400, P_n^BB=0.2300\n",
      "n=9, P_n^AA=0.2500, P_n^AB=0.5000, P_n^BB=0.2500\n",
      "n=10, P_n^AA=0.2700, P_n^AB=0.4600, P_n^BB=0.2700\n",
      "Step 30000, Energy: -236.7122277862798\n",
      "n=1, P_n^AA=0.2900, P_n^AB=0.4200, P_n^BB=0.2900\n",
      "n=2, P_n^AA=0.2400, P_n^AB=0.5200, P_n^BB=0.2400\n",
      "n=3, P_n^AA=0.2300, P_n^AB=0.5400, P_n^BB=0.2300\n",
      "n=4, P_n^AA=0.2600, P_n^AB=0.4800, P_n^BB=0.2600\n",
      "n=5, P_n^AA=0.2500, P_n^AB=0.5000, P_n^BB=0.2500\n",
      "n=6, P_n^AA=0.2400, P_n^AB=0.5200, P_n^BB=0.2400\n",
      "n=7, P_n^AA=0.2300, P_n^AB=0.5400, P_n^BB=0.2300\n",
      "n=8, P_n^AA=0.2400, P_n^AB=0.5200, P_n^BB=0.2400\n",
      "n=9, P_n^AA=0.2500, P_n^AB=0.5000, P_n^BB=0.2500\n",
      "n=10, P_n^AA=0.2600, P_n^AB=0.4800, P_n^BB=0.2600\n",
      "Step 32000, Energy: -238.9810126417298\n",
      "n=1, P_n^AA=0.3100, P_n^AB=0.3800, P_n^BB=0.3100\n",
      "n=2, P_n^AA=0.3200, P_n^AB=0.3600, P_n^BB=0.3200\n",
      "n=3, P_n^AA=0.3000, P_n^AB=0.4000, P_n^BB=0.3000\n",
      "n=4, P_n^AA=0.2800, P_n^AB=0.4400, P_n^BB=0.2800\n",
      "n=5, P_n^AA=0.2800, P_n^AB=0.4400, P_n^BB=0.2800\n",
      "n=6, P_n^AA=0.2800, P_n^AB=0.4400, P_n^BB=0.2800\n",
      "n=7, P_n^AA=0.2400, P_n^AB=0.5200, P_n^BB=0.2400\n",
      "n=8, P_n^AA=0.2500, P_n^AB=0.5000, P_n^BB=0.2500\n",
      "n=9, P_n^AA=0.2400, P_n^AB=0.5200, P_n^BB=0.2400\n",
      "n=10, P_n^AA=0.2300, P_n^AB=0.5400, P_n^BB=0.2300\n",
      "Step 34000, Energy: -239.7231832177835\n",
      "n=1, P_n^AA=0.3200, P_n^AB=0.3600, P_n^BB=0.3200\n",
      "n=2, P_n^AA=0.2400, P_n^AB=0.5200, P_n^BB=0.2400\n",
      "n=3, P_n^AA=0.2700, P_n^AB=0.4600, P_n^BB=0.2700\n",
      "n=4, P_n^AA=0.2600, P_n^AB=0.4800, P_n^BB=0.2600\n",
      "n=5, P_n^AA=0.2500, P_n^AB=0.5000, P_n^BB=0.2500\n",
      "n=6, P_n^AA=0.2300, P_n^AB=0.5400, P_n^BB=0.2300\n",
      "n=7, P_n^AA=0.2400, P_n^AB=0.5200, P_n^BB=0.2400\n",
      "n=8, P_n^AA=0.2700, P_n^AB=0.4600, P_n^BB=0.2700\n",
      "n=9, P_n^AA=0.2500, P_n^AB=0.5000, P_n^BB=0.2500\n",
      "n=10, P_n^AA=0.2200, P_n^AB=0.5600, P_n^BB=0.2200\n",
      "Step 36000, Energy: -239.80375314237955\n",
      "n=1, P_n^AA=0.3200, P_n^AB=0.3600, P_n^BB=0.3200\n",
      "n=2, P_n^AA=0.2700, P_n^AB=0.4600, P_n^BB=0.2700\n",
      "n=3, P_n^AA=0.2400, P_n^AB=0.5200, P_n^BB=0.2400\n",
      "n=4, P_n^AA=0.1800, P_n^AB=0.6400, P_n^BB=0.1800\n",
      "n=5, P_n^AA=0.2100, P_n^AB=0.5800, P_n^BB=0.2100\n",
      "n=6, P_n^AA=0.2600, P_n^AB=0.4800, P_n^BB=0.2600\n",
      "n=7, P_n^AA=0.2600, P_n^AB=0.4800, P_n^BB=0.2600\n",
      "n=8, P_n^AA=0.2900, P_n^AB=0.4200, P_n^BB=0.2900\n",
      "n=9, P_n^AA=0.2900, P_n^AB=0.4200, P_n^BB=0.2900\n",
      "n=10, P_n^AA=0.2300, P_n^AB=0.5400, P_n^BB=0.2300\n",
      "Step 38000, Energy: -238.78738052312372\n",
      "n=1, P_n^AA=0.3100, P_n^AB=0.3800, P_n^BB=0.3100\n",
      "n=2, P_n^AA=0.2600, P_n^AB=0.4800, P_n^BB=0.2600\n",
      "n=3, P_n^AA=0.2700, P_n^AB=0.4600, P_n^BB=0.2700\n",
      "n=4, P_n^AA=0.3000, P_n^AB=0.4000, P_n^BB=0.3000\n",
      "n=5, P_n^AA=0.2500, P_n^AB=0.5000, P_n^BB=0.2500\n",
      "n=6, P_n^AA=0.2600, P_n^AB=0.4800, P_n^BB=0.2600\n",
      "n=7, P_n^AA=0.3000, P_n^AB=0.4000, P_n^BB=0.3000\n",
      "n=8, P_n^AA=0.2800, P_n^AB=0.4400, P_n^BB=0.2800\n",
      "n=9, P_n^AA=0.2300, P_n^AB=0.5400, P_n^BB=0.2300\n",
      "n=10, P_n^AA=0.2300, P_n^AB=0.5400, P_n^BB=0.2300\n",
      "Step 40000, Energy: -233.63422989971676\n",
      "n=1, P_n^AA=0.2600, P_n^AB=0.4800, P_n^BB=0.2600\n",
      "n=2, P_n^AA=0.2100, P_n^AB=0.5800, P_n^BB=0.2100\n",
      "n=3, P_n^AA=0.2900, P_n^AB=0.4200, P_n^BB=0.2900\n",
      "n=4, P_n^AA=0.2400, P_n^AB=0.5200, P_n^BB=0.2400\n",
      "n=5, P_n^AA=0.2100, P_n^AB=0.5800, P_n^BB=0.2100\n",
      "n=6, P_n^AA=0.2400, P_n^AB=0.5200, P_n^BB=0.2400\n",
      "n=7, P_n^AA=0.2700, P_n^AB=0.4600, P_n^BB=0.2700\n",
      "n=8, P_n^AA=0.2200, P_n^AB=0.5600, P_n^BB=0.2200\n",
      "n=9, P_n^AA=0.2600, P_n^AB=0.4800, P_n^BB=0.2600\n",
      "n=10, P_n^AA=0.2700, P_n^AB=0.4600, P_n^BB=0.2700\n",
      "Step 42000, Energy: -243.89945569458604\n",
      "n=1, P_n^AA=0.3600, P_n^AB=0.2800, P_n^BB=0.3600\n",
      "n=2, P_n^AA=0.3000, P_n^AB=0.4000, P_n^BB=0.3000\n",
      "n=3, P_n^AA=0.2400, P_n^AB=0.5200, P_n^BB=0.2400\n",
      "n=4, P_n^AA=0.2300, P_n^AB=0.5400, P_n^BB=0.2300\n",
      "n=5, P_n^AA=0.2300, P_n^AB=0.5400, P_n^BB=0.2300\n",
      "n=6, P_n^AA=0.2500, P_n^AB=0.5000, P_n^BB=0.2500\n",
      "n=7, P_n^AA=0.2800, P_n^AB=0.4400, P_n^BB=0.2800\n",
      "n=8, P_n^AA=0.2700, P_n^AB=0.4600, P_n^BB=0.2700\n",
      "n=9, P_n^AA=0.2900, P_n^AB=0.4200, P_n^BB=0.2900\n",
      "n=10, P_n^AA=0.2900, P_n^AB=0.4200, P_n^BB=0.2900\n",
      "Step 44000, Energy: -241.78508310791472\n",
      "n=1, P_n^AA=0.3400, P_n^AB=0.3200, P_n^BB=0.3400\n",
      "n=2, P_n^AA=0.2600, P_n^AB=0.4800, P_n^BB=0.2600\n",
      "n=3, P_n^AA=0.2700, P_n^AB=0.4600, P_n^BB=0.2700\n",
      "n=4, P_n^AA=0.2600, P_n^AB=0.4800, P_n^BB=0.2600\n",
      "n=5, P_n^AA=0.2500, P_n^AB=0.5000, P_n^BB=0.2500\n",
      "n=6, P_n^AA=0.2300, P_n^AB=0.5400, P_n^BB=0.2300\n",
      "n=7, P_n^AA=0.2100, P_n^AB=0.5800, P_n^BB=0.2100\n",
      "n=8, P_n^AA=0.2100, P_n^AB=0.5800, P_n^BB=0.2100\n",
      "n=9, P_n^AA=0.2100, P_n^AB=0.5800, P_n^BB=0.2100\n",
      "n=10, P_n^AA=0.2200, P_n^AB=0.5600, P_n^BB=0.2200\n",
      "Step 46000, Energy: -241.00183933832912\n",
      "n=1, P_n^AA=0.3300, P_n^AB=0.3400, P_n^BB=0.3300\n",
      "n=2, P_n^AA=0.3300, P_n^AB=0.3400, P_n^BB=0.3300\n",
      "n=3, P_n^AA=0.2700, P_n^AB=0.4600, P_n^BB=0.2700\n",
      "n=4, P_n^AA=0.2500, P_n^AB=0.5000, P_n^BB=0.2500\n",
      "n=5, P_n^AA=0.2500, P_n^AB=0.5000, P_n^BB=0.2500\n",
      "n=6, P_n^AA=0.2500, P_n^AB=0.5000, P_n^BB=0.2500\n",
      "n=7, P_n^AA=0.2500, P_n^AB=0.5000, P_n^BB=0.2500\n",
      "n=8, P_n^AA=0.2400, P_n^AB=0.5200, P_n^BB=0.2400\n",
      "n=9, P_n^AA=0.2600, P_n^AB=0.4800, P_n^BB=0.2600\n",
      "n=10, P_n^AA=0.2600, P_n^AB=0.4800, P_n^BB=0.2600\n",
      "Step 48000, Energy: -238.8389057480228\n",
      "n=1, P_n^AA=0.3100, P_n^AB=0.3800, P_n^BB=0.3100\n",
      "n=2, P_n^AA=0.2800, P_n^AB=0.4400, P_n^BB=0.2800\n",
      "n=3, P_n^AA=0.2400, P_n^AB=0.5200, P_n^BB=0.2400\n",
      "n=4, P_n^AA=0.2700, P_n^AB=0.4600, P_n^BB=0.2700\n",
      "n=5, P_n^AA=0.2000, P_n^AB=0.6000, P_n^BB=0.2000\n",
      "n=6, P_n^AA=0.2600, P_n^AB=0.4800, P_n^BB=0.2600\n",
      "n=7, P_n^AA=0.2300, P_n^AB=0.5400, P_n^BB=0.2300\n",
      "n=8, P_n^AA=0.2400, P_n^AB=0.5200, P_n^BB=0.2400\n",
      "n=9, P_n^AA=0.2100, P_n^AB=0.5800, P_n^BB=0.2100\n",
      "n=10, P_n^AA=0.2300, P_n^AB=0.5400, P_n^BB=0.2300\n",
      "Step 50000, Energy: -239.774882934306\n",
      "n=1, P_n^AA=0.3200, P_n^AB=0.3600, P_n^BB=0.3200\n",
      "n=2, P_n^AA=0.2600, P_n^AB=0.4800, P_n^BB=0.2600\n",
      "n=3, P_n^AA=0.2300, P_n^AB=0.5400, P_n^BB=0.2300\n",
      "n=4, P_n^AA=0.2800, P_n^AB=0.4400, P_n^BB=0.2800\n",
      "n=5, P_n^AA=0.2300, P_n^AB=0.5400, P_n^BB=0.2300\n",
      "n=6, P_n^AA=0.2300, P_n^AB=0.5400, P_n^BB=0.2300\n",
      "n=7, P_n^AA=0.2200, P_n^AB=0.5600, P_n^BB=0.2200\n",
      "n=8, P_n^AA=0.2300, P_n^AB=0.5400, P_n^BB=0.2300\n",
      "n=9, P_n^AA=0.2300, P_n^AB=0.5400, P_n^BB=0.2300\n",
      "n=10, P_n^AA=0.2500, P_n^AB=0.5000, P_n^BB=0.2500\n",
      "Step 52000, Energy: -239.89861152157624\n",
      "n=1, P_n^AA=0.3200, P_n^AB=0.3600, P_n^BB=0.3200\n",
      "n=2, P_n^AA=0.3000, P_n^AB=0.4000, P_n^BB=0.3000\n",
      "n=3, P_n^AA=0.2400, P_n^AB=0.5200, P_n^BB=0.2400\n",
      "n=4, P_n^AA=0.2200, P_n^AB=0.5600, P_n^BB=0.2200\n",
      "n=5, P_n^AA=0.2200, P_n^AB=0.5600, P_n^BB=0.2200\n",
      "n=6, P_n^AA=0.2200, P_n^AB=0.5600, P_n^BB=0.2200\n",
      "n=7, P_n^AA=0.2700, P_n^AB=0.4600, P_n^BB=0.2700\n",
      "n=8, P_n^AA=0.2100, P_n^AB=0.5800, P_n^BB=0.2100\n",
      "n=9, P_n^AA=0.2300, P_n^AB=0.5400, P_n^BB=0.2300\n",
      "n=10, P_n^AA=0.2200, P_n^AB=0.5600, P_n^BB=0.2200\n",
      "Step 54000, Energy: -238.77768014225114\n",
      "n=1, P_n^AA=0.3100, P_n^AB=0.3800, P_n^BB=0.3100\n",
      "n=2, P_n^AA=0.2600, P_n^AB=0.4800, P_n^BB=0.2600\n",
      "n=3, P_n^AA=0.2400, P_n^AB=0.5200, P_n^BB=0.2400\n",
      "n=4, P_n^AA=0.2700, P_n^AB=0.4600, P_n^BB=0.2700\n",
      "n=5, P_n^AA=0.2500, P_n^AB=0.5000, P_n^BB=0.2500\n",
      "n=6, P_n^AA=0.2800, P_n^AB=0.4400, P_n^BB=0.2800\n",
      "n=7, P_n^AA=0.2700, P_n^AB=0.4600, P_n^BB=0.2700\n",
      "n=8, P_n^AA=0.2100, P_n^AB=0.5800, P_n^BB=0.2100\n",
      "n=9, P_n^AA=0.2400, P_n^AB=0.5200, P_n^BB=0.2400\n",
      "n=10, P_n^AA=0.2500, P_n^AB=0.5000, P_n^BB=0.2500\n",
      "Step 56000, Energy: -239.8339193589052\n",
      "n=1, P_n^AA=0.3200, P_n^AB=0.3600, P_n^BB=0.3200\n",
      "n=2, P_n^AA=0.2800, P_n^AB=0.4400, P_n^BB=0.2800\n",
      "n=3, P_n^AA=0.2300, P_n^AB=0.5400, P_n^BB=0.2300\n",
      "n=4, P_n^AA=0.2200, P_n^AB=0.5600, P_n^BB=0.2200\n",
      "n=5, P_n^AA=0.2400, P_n^AB=0.5200, P_n^BB=0.2400\n",
      "n=6, P_n^AA=0.2000, P_n^AB=0.6000, P_n^BB=0.2000\n",
      "n=7, P_n^AA=0.2000, P_n^AB=0.6000, P_n^BB=0.2000\n",
      "n=8, P_n^AA=0.2000, P_n^AB=0.6000, P_n^BB=0.2000\n",
      "n=9, P_n^AA=0.2500, P_n^AB=0.5000, P_n^BB=0.2500\n",
      "n=10, P_n^AA=0.2700, P_n^AB=0.4600, P_n^BB=0.2700\n",
      "Step 58000, Energy: -237.7911425280092\n",
      "n=1, P_n^AA=0.3000, P_n^AB=0.4000, P_n^BB=0.3000\n",
      "n=2, P_n^AA=0.2600, P_n^AB=0.4800, P_n^BB=0.2600\n",
      "n=3, P_n^AA=0.2900, P_n^AB=0.4200, P_n^BB=0.2900\n",
      "n=4, P_n^AA=0.2700, P_n^AB=0.4600, P_n^BB=0.2700\n",
      "n=5, P_n^AA=0.2400, P_n^AB=0.5200, P_n^BB=0.2400\n",
      "n=6, P_n^AA=0.2500, P_n^AB=0.5000, P_n^BB=0.2500\n",
      "n=7, P_n^AA=0.2800, P_n^AB=0.4400, P_n^BB=0.2800\n",
      "n=8, P_n^AA=0.2300, P_n^AB=0.5400, P_n^BB=0.2300\n",
      "n=9, P_n^AA=0.2100, P_n^AB=0.5800, P_n^BB=0.2100\n",
      "n=10, P_n^AA=0.2000, P_n^AB=0.6000, P_n^BB=0.2000\n",
      "Step 60000, Energy: -239.80695765718602\n",
      "n=1, P_n^AA=0.3200, P_n^AB=0.3600, P_n^BB=0.3200\n",
      "n=2, P_n^AA=0.2700, P_n^AB=0.4600, P_n^BB=0.2700\n",
      "n=3, P_n^AA=0.2400, P_n^AB=0.5200, P_n^BB=0.2400\n",
      "n=4, P_n^AA=0.2400, P_n^AB=0.5200, P_n^BB=0.2400\n",
      "n=5, P_n^AA=0.2500, P_n^AB=0.5000, P_n^BB=0.2500\n",
      "n=6, P_n^AA=0.2300, P_n^AB=0.5400, P_n^BB=0.2300\n",
      "n=7, P_n^AA=0.2300, P_n^AB=0.5400, P_n^BB=0.2300\n",
      "n=8, P_n^AA=0.2400, P_n^AB=0.5200, P_n^BB=0.2400\n",
      "n=9, P_n^AA=0.2500, P_n^AB=0.5000, P_n^BB=0.2500\n",
      "n=10, P_n^AA=0.2100, P_n^AB=0.5800, P_n^BB=0.2100\n",
      "Step 62000, Energy: -242.87308409146442\n",
      "n=1, P_n^AA=0.3500, P_n^AB=0.3000, P_n^BB=0.3500\n",
      "n=2, P_n^AA=0.2900, P_n^AB=0.4200, P_n^BB=0.2900\n",
      "n=3, P_n^AA=0.2600, P_n^AB=0.4800, P_n^BB=0.2600\n",
      "n=4, P_n^AA=0.2200, P_n^AB=0.5600, P_n^BB=0.2200\n",
      "n=5, P_n^AA=0.2200, P_n^AB=0.5600, P_n^BB=0.2200\n",
      "n=6, P_n^AA=0.2200, P_n^AB=0.5600, P_n^BB=0.2200\n",
      "n=7, P_n^AA=0.2200, P_n^AB=0.5600, P_n^BB=0.2200\n",
      "n=8, P_n^AA=0.2800, P_n^AB=0.4400, P_n^BB=0.2800\n",
      "n=9, P_n^AA=0.2800, P_n^AB=0.4400, P_n^BB=0.2800\n",
      "n=10, P_n^AA=0.2600, P_n^AB=0.4800, P_n^BB=0.2600\n",
      "Step 64000, Energy: -232.73300557834565\n",
      "n=1, P_n^AA=0.2500, P_n^AB=0.5000, P_n^BB=0.2500\n",
      "n=2, P_n^AA=0.2500, P_n^AB=0.5000, P_n^BB=0.2500\n",
      "n=3, P_n^AA=0.1900, P_n^AB=0.6200, P_n^BB=0.1900\n",
      "n=4, P_n^AA=0.2700, P_n^AB=0.4600, P_n^BB=0.2700\n",
      "n=5, P_n^AA=0.2600, P_n^AB=0.4800, P_n^BB=0.2600\n",
      "n=6, P_n^AA=0.2600, P_n^AB=0.4800, P_n^BB=0.2600\n",
      "n=7, P_n^AA=0.2400, P_n^AB=0.5200, P_n^BB=0.2400\n",
      "n=8, P_n^AA=0.2500, P_n^AB=0.5000, P_n^BB=0.2500\n",
      "n=9, P_n^AA=0.2600, P_n^AB=0.4800, P_n^BB=0.2600\n",
      "n=10, P_n^AA=0.3000, P_n^AB=0.4000, P_n^BB=0.3000\n",
      "Step 66000, Energy: -238.80718055774128\n",
      "n=1, P_n^AA=0.3100, P_n^AB=0.3800, P_n^BB=0.3100\n",
      "n=2, P_n^AA=0.2700, P_n^AB=0.4600, P_n^BB=0.2700\n",
      "n=3, P_n^AA=0.2400, P_n^AB=0.5200, P_n^BB=0.2400\n",
      "n=4, P_n^AA=0.2400, P_n^AB=0.5200, P_n^BB=0.2400\n",
      "n=5, P_n^AA=0.2500, P_n^AB=0.5000, P_n^BB=0.2500\n",
      "n=6, P_n^AA=0.2500, P_n^AB=0.5000, P_n^BB=0.2500\n",
      "n=7, P_n^AA=0.2700, P_n^AB=0.4600, P_n^BB=0.2700\n",
      "n=8, P_n^AA=0.3100, P_n^AB=0.3800, P_n^BB=0.3100\n",
      "n=9, P_n^AA=0.2600, P_n^AB=0.4800, P_n^BB=0.2600\n",
      "n=10, P_n^AA=0.2700, P_n^AB=0.4600, P_n^BB=0.2700\n",
      "Step 68000, Energy: -238.70939189332492\n",
      "n=1, P_n^AA=0.3100, P_n^AB=0.3800, P_n^BB=0.3100\n",
      "n=2, P_n^AA=0.2400, P_n^AB=0.5200, P_n^BB=0.2400\n",
      "n=3, P_n^AA=0.2300, P_n^AB=0.5400, P_n^BB=0.2300\n",
      "n=4, P_n^AA=0.2100, P_n^AB=0.5800, P_n^BB=0.2100\n",
      "n=5, P_n^AA=0.2100, P_n^AB=0.5800, P_n^BB=0.2100\n",
      "n=6, P_n^AA=0.2400, P_n^AB=0.5200, P_n^BB=0.2400\n",
      "n=7, P_n^AA=0.2700, P_n^AB=0.4600, P_n^BB=0.2700\n",
      "n=8, P_n^AA=0.2900, P_n^AB=0.4200, P_n^BB=0.2900\n",
      "n=9, P_n^AA=0.2900, P_n^AB=0.4200, P_n^BB=0.2900\n",
      "n=10, P_n^AA=0.2400, P_n^AB=0.5200, P_n^BB=0.2400\n",
      "Step 70000, Energy: -237.83679655763495\n",
      "n=1, P_n^AA=0.3000, P_n^AB=0.4000, P_n^BB=0.3000\n",
      "n=2, P_n^AA=0.2800, P_n^AB=0.4400, P_n^BB=0.2800\n",
      "n=3, P_n^AA=0.2400, P_n^AB=0.5200, P_n^BB=0.2400\n",
      "n=4, P_n^AA=0.2300, P_n^AB=0.5400, P_n^BB=0.2300\n",
      "n=5, P_n^AA=0.2100, P_n^AB=0.5800, P_n^BB=0.2100\n",
      "n=6, P_n^AA=0.2100, P_n^AB=0.5800, P_n^BB=0.2100\n",
      "n=7, P_n^AA=0.1900, P_n^AB=0.6200, P_n^BB=0.1900\n",
      "n=8, P_n^AA=0.2200, P_n^AB=0.5600, P_n^BB=0.2200\n",
      "n=9, P_n^AA=0.2400, P_n^AB=0.5200, P_n^BB=0.2400\n",
      "n=10, P_n^AA=0.2400, P_n^AB=0.5200, P_n^BB=0.2400\n",
      "Step 72000, Energy: -235.7158495913319\n",
      "n=1, P_n^AA=0.2800, P_n^AB=0.4400, P_n^BB=0.2800\n",
      "n=2, P_n^AA=0.2400, P_n^AB=0.5200, P_n^BB=0.2400\n",
      "n=3, P_n^AA=0.2400, P_n^AB=0.5200, P_n^BB=0.2400\n",
      "n=4, P_n^AA=0.2600, P_n^AB=0.4800, P_n^BB=0.2600\n",
      "n=5, P_n^AA=0.2900, P_n^AB=0.4200, P_n^BB=0.2900\n",
      "n=6, P_n^AA=0.3000, P_n^AB=0.4000, P_n^BB=0.3000\n",
      "n=7, P_n^AA=0.2900, P_n^AB=0.4200, P_n^BB=0.2900\n",
      "n=8, P_n^AA=0.2600, P_n^AB=0.4800, P_n^BB=0.2600\n",
      "n=9, P_n^AA=0.2600, P_n^AB=0.4800, P_n^BB=0.2600\n",
      "n=10, P_n^AA=0.2100, P_n^AB=0.5800, P_n^BB=0.2100\n",
      "Step 74000, Energy: -235.66840477852404\n",
      "n=1, P_n^AA=0.2800, P_n^AB=0.4400, P_n^BB=0.2800\n",
      "n=2, P_n^AA=0.2200, P_n^AB=0.5600, P_n^BB=0.2200\n",
      "n=3, P_n^AA=0.2900, P_n^AB=0.4200, P_n^BB=0.2900\n",
      "n=4, P_n^AA=0.3000, P_n^AB=0.4000, P_n^BB=0.3000\n",
      "n=5, P_n^AA=0.2200, P_n^AB=0.5600, P_n^BB=0.2200\n",
      "n=6, P_n^AA=0.2700, P_n^AB=0.4600, P_n^BB=0.2700\n",
      "n=7, P_n^AA=0.2500, P_n^AB=0.5000, P_n^BB=0.2500\n",
      "n=8, P_n^AA=0.2700, P_n^AB=0.4600, P_n^BB=0.2700\n",
      "n=9, P_n^AA=0.2200, P_n^AB=0.5600, P_n^BB=0.2200\n",
      "n=10, P_n^AA=0.2400, P_n^AB=0.5200, P_n^BB=0.2400\n",
      "Step 76000, Energy: -238.67024404728608\n",
      "n=1, P_n^AA=0.3100, P_n^AB=0.3800, P_n^BB=0.3100\n",
      "n=2, P_n^AA=0.2300, P_n^AB=0.5400, P_n^BB=0.2300\n",
      "n=3, P_n^AA=0.2000, P_n^AB=0.6000, P_n^BB=0.2000\n",
      "n=4, P_n^AA=0.2000, P_n^AB=0.6000, P_n^BB=0.2000\n",
      "n=5, P_n^AA=0.2500, P_n^AB=0.5000, P_n^BB=0.2500\n",
      "n=6, P_n^AA=0.2600, P_n^AB=0.4800, P_n^BB=0.2600\n",
      "n=7, P_n^AA=0.2800, P_n^AB=0.4400, P_n^BB=0.2800\n",
      "n=8, P_n^AA=0.2400, P_n^AB=0.5200, P_n^BB=0.2400\n",
      "n=9, P_n^AA=0.2700, P_n^AB=0.4600, P_n^BB=0.2700\n",
      "n=10, P_n^AA=0.2500, P_n^AB=0.5000, P_n^BB=0.2500\n",
      "Step 78000, Energy: -242.845574990005\n",
      "n=1, P_n^AA=0.3500, P_n^AB=0.3000, P_n^BB=0.3500\n",
      "n=2, P_n^AA=0.2800, P_n^AB=0.4400, P_n^BB=0.2800\n",
      "n=3, P_n^AA=0.2600, P_n^AB=0.4800, P_n^BB=0.2600\n",
      "n=4, P_n^AA=0.2700, P_n^AB=0.4600, P_n^BB=0.2700\n",
      "n=5, P_n^AA=0.2700, P_n^AB=0.4600, P_n^BB=0.2700\n",
      "n=6, P_n^AA=0.2900, P_n^AB=0.4200, P_n^BB=0.2900\n",
      "n=7, P_n^AA=0.2900, P_n^AB=0.4200, P_n^BB=0.2900\n",
      "n=8, P_n^AA=0.2700, P_n^AB=0.4600, P_n^BB=0.2700\n",
      "n=9, P_n^AA=0.2700, P_n^AB=0.4600, P_n^BB=0.2700\n",
      "n=10, P_n^AA=0.3000, P_n^AB=0.4000, P_n^BB=0.3000\n",
      "Step 80000, Energy: -240.8766851258539\n",
      "n=1, P_n^AA=0.3300, P_n^AB=0.3400, P_n^BB=0.3300\n",
      "n=2, P_n^AA=0.2900, P_n^AB=0.4200, P_n^BB=0.2900\n",
      "n=3, P_n^AA=0.2700, P_n^AB=0.4600, P_n^BB=0.2700\n",
      "n=4, P_n^AA=0.2400, P_n^AB=0.5200, P_n^BB=0.2400\n",
      "n=5, P_n^AA=0.2300, P_n^AB=0.5400, P_n^BB=0.2300\n",
      "n=6, P_n^AA=0.2000, P_n^AB=0.6000, P_n^BB=0.2000\n",
      "n=7, P_n^AA=0.1800, P_n^AB=0.6400, P_n^BB=0.1800\n",
      "n=8, P_n^AA=0.2100, P_n^AB=0.5800, P_n^BB=0.2100\n",
      "n=9, P_n^AA=0.1900, P_n^AB=0.6200, P_n^BB=0.1900\n",
      "n=10, P_n^AA=0.2400, P_n^AB=0.5200, P_n^BB=0.2400\n",
      "Step 82000, Energy: -238.73866989447455\n",
      "n=1, P_n^AA=0.3100, P_n^AB=0.3800, P_n^BB=0.3100\n",
      "n=2, P_n^AA=0.2500, P_n^AB=0.5000, P_n^BB=0.2500\n",
      "n=3, P_n^AA=0.2200, P_n^AB=0.5600, P_n^BB=0.2200\n",
      "n=4, P_n^AA=0.2200, P_n^AB=0.5600, P_n^BB=0.2200\n",
      "n=5, P_n^AA=0.2600, P_n^AB=0.4800, P_n^BB=0.2600\n",
      "n=6, P_n^AA=0.2500, P_n^AB=0.5000, P_n^BB=0.2500\n",
      "n=7, P_n^AA=0.2200, P_n^AB=0.5600, P_n^BB=0.2200\n",
      "n=8, P_n^AA=0.2100, P_n^AB=0.5800, P_n^BB=0.2100\n",
      "n=9, P_n^AA=0.2600, P_n^AB=0.4800, P_n^BB=0.2600\n",
      "n=10, P_n^AA=0.2400, P_n^AB=0.5200, P_n^BB=0.2400\n",
      "Step 84000, Energy: -239.7442580097718\n",
      "n=1, P_n^AA=0.3200, P_n^AB=0.3600, P_n^BB=0.3200\n",
      "n=2, P_n^AA=0.2500, P_n^AB=0.5000, P_n^BB=0.2500\n",
      "n=3, P_n^AA=0.2300, P_n^AB=0.5400, P_n^BB=0.2300\n",
      "n=4, P_n^AA=0.2800, P_n^AB=0.4400, P_n^BB=0.2800\n",
      "n=5, P_n^AA=0.2700, P_n^AB=0.4600, P_n^BB=0.2700\n",
      "n=6, P_n^AA=0.2100, P_n^AB=0.5800, P_n^BB=0.2100\n",
      "n=7, P_n^AA=0.1800, P_n^AB=0.6400, P_n^BB=0.1800\n",
      "n=8, P_n^AA=0.2400, P_n^AB=0.5200, P_n^BB=0.2400\n",
      "n=9, P_n^AA=0.2700, P_n^AB=0.4600, P_n^BB=0.2700\n",
      "n=10, P_n^AA=0.2500, P_n^AB=0.5000, P_n^BB=0.2500\n",
      "Step 86000, Energy: -238.92238618804473\n",
      "n=1, P_n^AA=0.3100, P_n^AB=0.3800, P_n^BB=0.3100\n",
      "n=2, P_n^AA=0.3000, P_n^AB=0.4000, P_n^BB=0.3000\n",
      "n=3, P_n^AA=0.3100, P_n^AB=0.3800, P_n^BB=0.3100\n",
      "n=4, P_n^AA=0.2900, P_n^AB=0.4200, P_n^BB=0.2900\n",
      "n=5, P_n^AA=0.2900, P_n^AB=0.4200, P_n^BB=0.2900\n",
      "n=6, P_n^AA=0.2700, P_n^AB=0.4600, P_n^BB=0.2700\n",
      "n=7, P_n^AA=0.2600, P_n^AB=0.4800, P_n^BB=0.2600\n",
      "n=8, P_n^AA=0.2700, P_n^AB=0.4600, P_n^BB=0.2700\n",
      "n=9, P_n^AA=0.2800, P_n^AB=0.4400, P_n^BB=0.2800\n",
      "n=10, P_n^AA=0.2600, P_n^AB=0.4800, P_n^BB=0.2600\n",
      "Step 88000, Energy: -239.81237844138025\n",
      "n=1, P_n^AA=0.3200, P_n^AB=0.3600, P_n^BB=0.3200\n",
      "n=2, P_n^AA=0.2700, P_n^AB=0.4600, P_n^BB=0.2700\n",
      "n=3, P_n^AA=0.2500, P_n^AB=0.5000, P_n^BB=0.2500\n",
      "n=4, P_n^AA=0.2800, P_n^AB=0.4400, P_n^BB=0.2800\n",
      "n=5, P_n^AA=0.2900, P_n^AB=0.4200, P_n^BB=0.2900\n",
      "n=6, P_n^AA=0.2900, P_n^AB=0.4200, P_n^BB=0.2900\n",
      "n=7, P_n^AA=0.2100, P_n^AB=0.5800, P_n^BB=0.2100\n",
      "n=8, P_n^AA=0.2100, P_n^AB=0.5800, P_n^BB=0.2100\n",
      "n=9, P_n^AA=0.2500, P_n^AB=0.5000, P_n^BB=0.2500\n",
      "n=10, P_n^AA=0.2800, P_n^AB=0.4400, P_n^BB=0.2800\n",
      "Step 90000, Energy: -238.77236448246708\n",
      "n=1, P_n^AA=0.3100, P_n^AB=0.3800, P_n^BB=0.3100\n",
      "n=2, P_n^AA=0.2600, P_n^AB=0.4800, P_n^BB=0.2600\n",
      "n=3, P_n^AA=0.2300, P_n^AB=0.5400, P_n^BB=0.2300\n",
      "n=4, P_n^AA=0.2300, P_n^AB=0.5400, P_n^BB=0.2300\n",
      "n=5, P_n^AA=0.2200, P_n^AB=0.5600, P_n^BB=0.2200\n",
      "n=6, P_n^AA=0.2400, P_n^AB=0.5200, P_n^BB=0.2400\n",
      "n=7, P_n^AA=0.2100, P_n^AB=0.5800, P_n^BB=0.2100\n",
      "n=8, P_n^AA=0.2500, P_n^AB=0.5000, P_n^BB=0.2500\n",
      "n=9, P_n^AA=0.2500, P_n^AB=0.5000, P_n^BB=0.2500\n",
      "n=10, P_n^AA=0.2600, P_n^AB=0.4800, P_n^BB=0.2600\n",
      "Step 92000, Energy: -239.88429091948112\n",
      "n=1, P_n^AA=0.3200, P_n^AB=0.3600, P_n^BB=0.3200\n",
      "n=2, P_n^AA=0.2900, P_n^AB=0.4200, P_n^BB=0.2900\n",
      "n=3, P_n^AA=0.2900, P_n^AB=0.4200, P_n^BB=0.2900\n",
      "n=4, P_n^AA=0.2700, P_n^AB=0.4600, P_n^BB=0.2700\n",
      "n=5, P_n^AA=0.2500, P_n^AB=0.5000, P_n^BB=0.2500\n",
      "n=6, P_n^AA=0.2500, P_n^AB=0.5000, P_n^BB=0.2500\n",
      "n=7, P_n^AA=0.2600, P_n^AB=0.4800, P_n^BB=0.2600\n",
      "n=8, P_n^AA=0.2300, P_n^AB=0.5400, P_n^BB=0.2300\n",
      "n=9, P_n^AA=0.2600, P_n^AB=0.4800, P_n^BB=0.2600\n",
      "n=10, P_n^AA=0.2900, P_n^AB=0.4200, P_n^BB=0.2900\n",
      "Step 94000, Energy: -235.68728208172618\n",
      "n=1, P_n^AA=0.2800, P_n^AB=0.4400, P_n^BB=0.2800\n",
      "n=2, P_n^AA=0.2300, P_n^AB=0.5400, P_n^BB=0.2300\n",
      "n=3, P_n^AA=0.2500, P_n^AB=0.5000, P_n^BB=0.2500\n",
      "n=4, P_n^AA=0.2700, P_n^AB=0.4600, P_n^BB=0.2700\n",
      "n=5, P_n^AA=0.2400, P_n^AB=0.5200, P_n^BB=0.2400\n",
      "n=6, P_n^AA=0.2800, P_n^AB=0.4400, P_n^BB=0.2800\n",
      "n=7, P_n^AA=0.2500, P_n^AB=0.5000, P_n^BB=0.2500\n",
      "n=8, P_n^AA=0.2600, P_n^AB=0.4800, P_n^BB=0.2600\n",
      "n=9, P_n^AA=0.2500, P_n^AB=0.5000, P_n^BB=0.2500\n",
      "n=10, P_n^AA=0.2400, P_n^AB=0.5200, P_n^BB=0.2400\n",
      "Step 96000, Energy: -238.74921859305113\n",
      "n=1, P_n^AA=0.3100, P_n^AB=0.3800, P_n^BB=0.3100\n",
      "n=2, P_n^AA=0.2500, P_n^AB=0.5000, P_n^BB=0.2500\n",
      "n=3, P_n^AA=0.2500, P_n^AB=0.5000, P_n^BB=0.2500\n",
      "n=4, P_n^AA=0.2700, P_n^AB=0.4600, P_n^BB=0.2700\n",
      "n=5, P_n^AA=0.2400, P_n^AB=0.5200, P_n^BB=0.2400\n",
      "n=6, P_n^AA=0.2500, P_n^AB=0.5000, P_n^BB=0.2500\n",
      "n=7, P_n^AA=0.2700, P_n^AB=0.4600, P_n^BB=0.2700\n",
      "n=8, P_n^AA=0.2700, P_n^AB=0.4600, P_n^BB=0.2700\n",
      "n=9, P_n^AA=0.2600, P_n^AB=0.4800, P_n^BB=0.2600\n",
      "n=10, P_n^AA=0.2800, P_n^AB=0.4400, P_n^BB=0.2800\n",
      "Step 98000, Energy: -241.8482809669207\n",
      "n=1, P_n^AA=0.3400, P_n^AB=0.3200, P_n^BB=0.3400\n",
      "n=2, P_n^AA=0.2800, P_n^AB=0.4400, P_n^BB=0.2800\n",
      "n=3, P_n^AA=0.2800, P_n^AB=0.4400, P_n^BB=0.2800\n",
      "n=4, P_n^AA=0.2300, P_n^AB=0.5400, P_n^BB=0.2300\n",
      "n=5, P_n^AA=0.2200, P_n^AB=0.5600, P_n^BB=0.2200\n",
      "n=6, P_n^AA=0.2600, P_n^AB=0.4800, P_n^BB=0.2600\n",
      "n=7, P_n^AA=0.2700, P_n^AB=0.4600, P_n^BB=0.2700\n",
      "n=8, P_n^AA=0.2700, P_n^AB=0.4600, P_n^BB=0.2700\n",
      "n=9, P_n^AA=0.2600, P_n^AB=0.4800, P_n^BB=0.2600\n",
      "n=10, P_n^AA=0.2100, P_n^AB=0.5800, P_n^BB=0.2100\n",
      "Step 100000, Energy: -237.91389038644436\n",
      "n=1, P_n^AA=0.3000, P_n^AB=0.4000, P_n^BB=0.3000\n",
      "n=2, P_n^AA=0.3000, P_n^AB=0.4000, P_n^BB=0.3000\n",
      "n=3, P_n^AA=0.2800, P_n^AB=0.4400, P_n^BB=0.2800\n",
      "n=4, P_n^AA=0.2900, P_n^AB=0.4200, P_n^BB=0.2900\n",
      "n=5, P_n^AA=0.2700, P_n^AB=0.4600, P_n^BB=0.2700\n",
      "n=6, P_n^AA=0.2900, P_n^AB=0.4200, P_n^BB=0.2900\n",
      "n=7, P_n^AA=0.2300, P_n^AB=0.5400, P_n^BB=0.2300\n",
      "n=8, P_n^AA=0.2600, P_n^AB=0.4800, P_n^BB=0.2600\n",
      "n=9, P_n^AA=0.2000, P_n^AB=0.6000, P_n^BB=0.2000\n",
      "n=10, P_n^AA=0.2000, P_n^AB=0.6000, P_n^BB=0.2000\n",
      "Step 102000, Energy: -239.8741110929104\n",
      "n=1, P_n^AA=0.3200, P_n^AB=0.3600, P_n^BB=0.3200\n",
      "n=2, P_n^AA=0.2900, P_n^AB=0.4200, P_n^BB=0.2900\n",
      "n=3, P_n^AA=0.2600, P_n^AB=0.4800, P_n^BB=0.2600\n",
      "n=4, P_n^AA=0.2400, P_n^AB=0.5200, P_n^BB=0.2400\n",
      "n=5, P_n^AA=0.2300, P_n^AB=0.5400, P_n^BB=0.2300\n",
      "n=6, P_n^AA=0.2100, P_n^AB=0.5800, P_n^BB=0.2100\n",
      "n=7, P_n^AA=0.2300, P_n^AB=0.5400, P_n^BB=0.2300\n",
      "n=8, P_n^AA=0.2400, P_n^AB=0.5200, P_n^BB=0.2400\n",
      "n=9, P_n^AA=0.2400, P_n^AB=0.5200, P_n^BB=0.2400\n",
      "n=10, P_n^AA=0.2300, P_n^AB=0.5400, P_n^BB=0.2300\n",
      "Step 104000, Energy: -239.83836905783133\n",
      "n=1, P_n^AA=0.3200, P_n^AB=0.3600, P_n^BB=0.3200\n",
      "n=2, P_n^AA=0.2800, P_n^AB=0.4400, P_n^BB=0.2800\n",
      "n=3, P_n^AA=0.2400, P_n^AB=0.5200, P_n^BB=0.2400\n",
      "n=4, P_n^AA=0.2500, P_n^AB=0.5000, P_n^BB=0.2500\n",
      "n=5, P_n^AA=0.2500, P_n^AB=0.5000, P_n^BB=0.2500\n",
      "n=6, P_n^AA=0.2000, P_n^AB=0.6000, P_n^BB=0.2000\n",
      "n=7, P_n^AA=0.2400, P_n^AB=0.5200, P_n^BB=0.2400\n",
      "n=8, P_n^AA=0.2500, P_n^AB=0.5000, P_n^BB=0.2500\n",
      "n=9, P_n^AA=0.2800, P_n^AB=0.4400, P_n^BB=0.2800\n",
      "n=10, P_n^AA=0.2600, P_n^AB=0.4800, P_n^BB=0.2600\n",
      "Step 106000, Energy: -238.7851109345724\n",
      "n=1, P_n^AA=0.3100, P_n^AB=0.3800, P_n^BB=0.3100\n",
      "n=2, P_n^AA=0.2600, P_n^AB=0.4800, P_n^BB=0.2600\n",
      "n=3, P_n^AA=0.2700, P_n^AB=0.4600, P_n^BB=0.2700\n",
      "n=4, P_n^AA=0.2500, P_n^AB=0.5000, P_n^BB=0.2500\n",
      "n=5, P_n^AA=0.2500, P_n^AB=0.5000, P_n^BB=0.2500\n",
      "n=6, P_n^AA=0.3000, P_n^AB=0.4000, P_n^BB=0.3000\n",
      "n=7, P_n^AA=0.2900, P_n^AB=0.4200, P_n^BB=0.2900\n",
      "n=8, P_n^AA=0.2800, P_n^AB=0.4400, P_n^BB=0.2800\n",
      "n=9, P_n^AA=0.2700, P_n^AB=0.4600, P_n^BB=0.2700\n",
      "n=10, P_n^AA=0.2400, P_n^AB=0.5200, P_n^BB=0.2400\n",
      "Step 108000, Energy: -238.85460783407186\n",
      "n=1, P_n^AA=0.3100, P_n^AB=0.3800, P_n^BB=0.3100\n",
      "n=2, P_n^AA=0.2800, P_n^AB=0.4400, P_n^BB=0.2800\n",
      "n=3, P_n^AA=0.3000, P_n^AB=0.4000, P_n^BB=0.3000\n",
      "n=4, P_n^AA=0.2400, P_n^AB=0.5200, P_n^BB=0.2400\n",
      "n=5, P_n^AA=0.2500, P_n^AB=0.5000, P_n^BB=0.2500\n",
      "n=6, P_n^AA=0.2700, P_n^AB=0.4600, P_n^BB=0.2700\n",
      "n=7, P_n^AA=0.2400, P_n^AB=0.5200, P_n^BB=0.2400\n",
      "n=8, P_n^AA=0.2400, P_n^AB=0.5200, P_n^BB=0.2400\n",
      "n=9, P_n^AA=0.2400, P_n^AB=0.5200, P_n^BB=0.2400\n",
      "n=10, P_n^AA=0.2600, P_n^AB=0.4800, P_n^BB=0.2600\n",
      "Step 110000, Energy: -235.87400597150636\n",
      "n=1, P_n^AA=0.2800, P_n^AB=0.4400, P_n^BB=0.2800\n",
      "n=2, P_n^AA=0.2900, P_n^AB=0.4200, P_n^BB=0.2900\n",
      "n=3, P_n^AA=0.2600, P_n^AB=0.4800, P_n^BB=0.2600\n",
      "n=4, P_n^AA=0.2400, P_n^AB=0.5200, P_n^BB=0.2400\n",
      "n=5, P_n^AA=0.2200, P_n^AB=0.5600, P_n^BB=0.2200\n",
      "n=6, P_n^AA=0.2100, P_n^AB=0.5800, P_n^BB=0.2100\n",
      "n=7, P_n^AA=0.2500, P_n^AB=0.5000, P_n^BB=0.2500\n",
      "n=8, P_n^AA=0.2100, P_n^AB=0.5800, P_n^BB=0.2100\n",
      "n=9, P_n^AA=0.2500, P_n^AB=0.5000, P_n^BB=0.2500\n",
      "n=10, P_n^AA=0.2700, P_n^AB=0.4600, P_n^BB=0.2700\n",
      "Step 112000, Energy: -236.80381762756727\n",
      "n=1, P_n^AA=0.2900, P_n^AB=0.4200, P_n^BB=0.2900\n",
      "n=2, P_n^AA=0.2700, P_n^AB=0.4600, P_n^BB=0.2700\n",
      "n=3, P_n^AA=0.2300, P_n^AB=0.5400, P_n^BB=0.2300\n",
      "n=4, P_n^AA=0.2200, P_n^AB=0.5600, P_n^BB=0.2200\n",
      "n=5, P_n^AA=0.3000, P_n^AB=0.4000, P_n^BB=0.3000\n",
      "n=6, P_n^AA=0.2300, P_n^AB=0.5400, P_n^BB=0.2300\n",
      "n=7, P_n^AA=0.2200, P_n^AB=0.5600, P_n^BB=0.2200\n",
      "n=8, P_n^AA=0.1900, P_n^AB=0.6200, P_n^BB=0.1900\n",
      "n=9, P_n^AA=0.2000, P_n^AB=0.6000, P_n^BB=0.2000\n",
      "n=10, P_n^AA=0.2700, P_n^AB=0.4600, P_n^BB=0.2700\n",
      "Step 114000, Energy: -242.86921853525044\n",
      "n=1, P_n^AA=0.3500, P_n^AB=0.3000, P_n^BB=0.3500\n",
      "n=2, P_n^AA=0.2900, P_n^AB=0.4200, P_n^BB=0.2900\n",
      "n=3, P_n^AA=0.2400, P_n^AB=0.5200, P_n^BB=0.2400\n",
      "n=4, P_n^AA=0.2500, P_n^AB=0.5000, P_n^BB=0.2500\n",
      "n=5, P_n^AA=0.2400, P_n^AB=0.5200, P_n^BB=0.2400\n",
      "n=6, P_n^AA=0.2200, P_n^AB=0.5600, P_n^BB=0.2200\n",
      "n=7, P_n^AA=0.2200, P_n^AB=0.5600, P_n^BB=0.2200\n",
      "n=8, P_n^AA=0.1900, P_n^AB=0.6200, P_n^BB=0.1900\n",
      "n=9, P_n^AA=0.2100, P_n^AB=0.5800, P_n^BB=0.2100\n",
      "n=10, P_n^AA=0.2200, P_n^AB=0.5600, P_n^BB=0.2200\n",
      "Step 116000, Energy: -241.73697198953835\n",
      "n=1, P_n^AA=0.3400, P_n^AB=0.3200, P_n^BB=0.3400\n",
      "n=2, P_n^AA=0.2500, P_n^AB=0.5000, P_n^BB=0.2500\n",
      "n=3, P_n^AA=0.2100, P_n^AB=0.5800, P_n^BB=0.2100\n",
      "n=4, P_n^AA=0.2400, P_n^AB=0.5200, P_n^BB=0.2400\n",
      "n=5, P_n^AA=0.2500, P_n^AB=0.5000, P_n^BB=0.2500\n",
      "n=6, P_n^AA=0.2800, P_n^AB=0.4400, P_n^BB=0.2800\n",
      "n=7, P_n^AA=0.2400, P_n^AB=0.5200, P_n^BB=0.2400\n",
      "n=8, P_n^AA=0.2400, P_n^AB=0.5200, P_n^BB=0.2400\n",
      "n=9, P_n^AA=0.2700, P_n^AB=0.4600, P_n^BB=0.2700\n",
      "n=10, P_n^AA=0.2700, P_n^AB=0.4600, P_n^BB=0.2700\n",
      "Step 118000, Energy: -234.74929154745402\n",
      "n=1, P_n^AA=0.2700, P_n^AB=0.4600, P_n^BB=0.2700\n",
      "n=2, P_n^AA=0.2500, P_n^AB=0.5000, P_n^BB=0.2500\n",
      "n=3, P_n^AA=0.2600, P_n^AB=0.4800, P_n^BB=0.2600\n",
      "n=4, P_n^AA=0.2200, P_n^AB=0.5600, P_n^BB=0.2200\n",
      "n=5, P_n^AA=0.2400, P_n^AB=0.5200, P_n^BB=0.2400\n",
      "n=6, P_n^AA=0.2200, P_n^AB=0.5600, P_n^BB=0.2200\n",
      "n=7, P_n^AA=0.2400, P_n^AB=0.5200, P_n^BB=0.2400\n",
      "n=8, P_n^AA=0.2400, P_n^AB=0.5200, P_n^BB=0.2400\n",
      "n=9, P_n^AA=0.2200, P_n^AB=0.5600, P_n^BB=0.2200\n",
      "n=10, P_n^AA=0.2300, P_n^AB=0.5400, P_n^BB=0.2300\n",
      "Step 120000, Energy: -237.76987664171838\n",
      "n=1, P_n^AA=0.3000, P_n^AB=0.4000, P_n^BB=0.3000\n",
      "n=2, P_n^AA=0.2600, P_n^AB=0.4800, P_n^BB=0.2600\n",
      "n=3, P_n^AA=0.2200, P_n^AB=0.5600, P_n^BB=0.2200\n",
      "n=4, P_n^AA=0.2200, P_n^AB=0.5600, P_n^BB=0.2200\n",
      "n=5, P_n^AA=0.2800, P_n^AB=0.4400, P_n^BB=0.2800\n",
      "n=6, P_n^AA=0.2300, P_n^AB=0.5400, P_n^BB=0.2300\n",
      "n=7, P_n^AA=0.2300, P_n^AB=0.5400, P_n^BB=0.2300\n",
      "n=8, P_n^AA=0.2200, P_n^AB=0.5600, P_n^BB=0.2200\n",
      "n=9, P_n^AA=0.2600, P_n^AB=0.4800, P_n^BB=0.2600\n",
      "n=10, P_n^AA=0.2700, P_n^AB=0.4600, P_n^BB=0.2700\n",
      "Step 122000, Energy: -240.7691656238989\n",
      "n=1, P_n^AA=0.3300, P_n^AB=0.3400, P_n^BB=0.3300\n",
      "n=2, P_n^AA=0.2600, P_n^AB=0.4800, P_n^BB=0.2600\n",
      "n=3, P_n^AA=0.2200, P_n^AB=0.5600, P_n^BB=0.2200\n",
      "n=4, P_n^AA=0.2200, P_n^AB=0.5600, P_n^BB=0.2200\n",
      "n=5, P_n^AA=0.2100, P_n^AB=0.5800, P_n^BB=0.2100\n",
      "n=6, P_n^AA=0.2400, P_n^AB=0.5200, P_n^BB=0.2400\n",
      "n=7, P_n^AA=0.2700, P_n^AB=0.4600, P_n^BB=0.2700\n",
      "n=8, P_n^AA=0.3000, P_n^AB=0.4000, P_n^BB=0.3000\n",
      "n=9, P_n^AA=0.3000, P_n^AB=0.4000, P_n^BB=0.3000\n",
      "n=10, P_n^AA=0.2600, P_n^AB=0.4800, P_n^BB=0.2600\n",
      "Step 124000, Energy: -238.75244184529058\n",
